!-------------------------------------------------------------------------------
! HMS Recon coefficients calculated 02-Feb-00  16:32:32 (HMS100 tune, P=-1.576
!-------------------------------------------------------------------------------
  0.699899922E-01  0.00000000      0.00000000    -0.473644304E-01 10000
 -0.629175998      0.00000000      0.00000000      2.85250842     01000
   0.00000000      1.29888140    -0.211767916E-01  0.00000000     00100
   0.00000000     -25.5553252      1.18654389      0.00000000     00010
 -0.699956616E-01  0.00000000      0.00000000     0.169846479     00001
 -0.106229886E-02  0.00000000      0.00000000     0.999512544E-02 20000
  0.306101598E-02  0.00000000      0.00000000    -0.638902569     11000
  0.457508859E-01  0.00000000      0.00000000      10.7001612     02000
   0.00000000    -0.504801633E-01 0.500355167E-02  0.00000000     10100
   0.00000000      1.08450838    -0.735550855E-01  0.00000000     01100
 -0.335075543E-03  0.00000000      0.00000000     0.602588917E-02 00200
   0.00000000     0.201285387    -0.556117280E-01  0.00000000     10010
   0.00000000     -4.38784650     0.528014214      0.00000000     01010
  0.375131312E-01  0.00000000      0.00000000    -0.165803565     00110
  0.100060956E-02  0.00000000      0.00000000    -0.380548494E-01 10001
 -0.899227572E-02  0.00000000      0.00000000      1.10889174     01001
   0.00000000     0.125446430E-01-0.200076080E-02  0.00000000     00101
 -0.304558616      0.00000000      0.00000000      1.49006055     00020
   0.00000000    -0.347950586     0.335779698E-01  0.00000000     00011
  0.617802186E-04  0.00000000      0.00000000     0.280482298E-01 00002
  0.381485233E-04  0.00000000      0.00000000    -0.144691296E-02 30000
 -0.811812998E-03  0.00000000      0.00000000     0.140509508     21000
  0.418841809E-02  0.00000000      0.00000000     -4.04581988     12000
  0.505668552E-01  0.00000000      0.00000000      38.5491767     03000
   0.00000000    -0.334102114E-02 0.318274635E-03  0.00000000     20100
   0.00000000     0.408878334    -0.302428816E-01  0.00000000     11100
   0.00000000     -6.51900143     0.435963820      0.00000000     02100
 -0.411266057E-04  0.00000000      0.00000000    -0.634151951E-03 10200
 -0.490504798E-03  0.00000000      0.00000000     0.124980959E-01 01200
   0.00000000    -0.135572052     0.972490248E-02  0.00000000     00300
   0.00000000     0.324144929E-01-0.323865312E-02  0.00000000     20010
   0.00000000     -3.60941320     0.285106554      0.00000000     11010
   0.00000000      56.6826972     -3.97144013      0.00000000     02010
  0.462538261E-02  0.00000000      0.00000000     0.120025698E-01 10110
 -0.955868892E-01  0.00000000      0.00000000    -0.518327711     01110
   0.00000000      3.41930235    -0.256379383      0.00000000     00210
 -0.746515613E-04  0.00000000      0.00000000     0.743938233E-02 20001
  0.165149992E-02  0.00000000      0.00000000    -0.418616154     11001
 -0.514681891E-02  0.00000000      0.00000000      5.84565308     02001
   0.00000000     0.186343778E-01-0.162156968E-02  0.00000000     10101
   0.00000000    -0.522527292     0.395996996E-01  0.00000000     01101
  0.945511568E-04  0.00000000      0.00000000    -0.438689044E-04 00201
 -0.422794242E-01  0.00000000      0.00000000    -0.626484156E-01 10020
  0.944325354      0.00000000      0.00000000      4.49200180     01020
   0.00000000     -30.4369017      2.37217048      0.00000000     00120
   0.00000000    -0.151650131     0.137738817E-01  0.00000000     10011
   0.00000000      4.39931142    -0.346276508      0.00000000     01011
 -0.598590538E-02  0.00000000      0.00000000    -0.104479196E-01 00111
  0.528806725E-04  0.00000000      0.00000000    -0.102440054E-01 10002
 -0.744574281E-03  0.00000000      0.00000000     0.279609624     01002
   0.00000000    -0.100144289E-01 0.884569267E-03  0.00000000     00102
   0.00000000      94.9722644     -7.64527794      0.00000000     00030
  0.435127103E-01  0.00000000      0.00000000     0.175264140     00021
   0.00000000     0.806921220E-01-0.747339785E-02  0.00000000     00012
 -0.163790669E-04  0.00000000      0.00000000     0.425310680E-02 00003
  0.175567688E-06  0.00000000      0.00000000     0.230990720E-03 40000
 -0.471190487E-04  0.00000000      0.00000000    -0.284151721E-01 31000
  0.887311249E-03  0.00000000      0.00000000      1.18354000     22000
 -0.438840029E-03  0.00000000      0.00000000     -21.1161307     13000
 -0.344486705E-01  0.00000000      0.00000000      139.893602     04000
   0.00000000     0.559051642E-03-0.483736967E-04  0.00000000     30100
   0.00000000    -0.547608453E-01 0.448696135E-02  0.00000000     21100
   0.00000000      1.07232922    -0.877669580E-01  0.00000000     12100
   0.00000000     -5.42892054     0.434913614      0.00000000     03100
 -0.228771444E-04  0.00000000      0.00000000     0.108058682E-03 20200
 -0.105643831E-03  0.00000000      0.00000000    -0.153688185E-02 11200
  0.161618399E-01  0.00000000      0.00000000     0.603414393E-02 02200
   0.00000000    -0.118573249E-01 0.676623745E-03  0.00000000     10300
   0.00000000     0.667708393    -0.465254350E-01  0.00000000     01300
  0.161660409E-03  0.00000000      0.00000000    -0.524020243E-03 00400
   0.00000000    -0.474816258E-02 0.366492833E-03  0.00000000     30010
   0.00000000     0.425934277    -0.333732819E-01  0.00000000     21010
   0.00000000     -7.82641855     0.630554844      0.00000000     12010
   0.00000000      36.3192049     -2.92842237      0.00000000     03010
  0.398209994E-03  0.00000000      0.00000000    -0.951765105E-03 20110
  0.493162414E-02  0.00000000      0.00000000     0.490842885E-01 11110
 -0.303724253      0.00000000      0.00000000     -1.09203408     02110
   0.00000000     0.334636746    -0.222781841E-01  0.00000000     10210
   0.00000000     -17.3339569      1.27128435      0.00000000     01210
 -0.645619941E-02  0.00000000      0.00000000     0.226957793E-01 00310
 -0.108987325E-05  0.00000000      0.00000000    -0.143229370E-02 30001
  0.896800414E-04  0.00000000      0.00000000     0.118052156     21001
 -0.119682194E-02  0.00000000      0.00000000     -3.14699125     12001
  0.490247874E-02  0.00000000      0.00000000      27.8013734     03001
   0.00000000    -0.228949491E-02 0.193621210E-03  0.00000000     20101
   0.00000000     0.778627429E-01-0.649829071E-02  0.00000000     11101
   0.00000000    -0.559080230     0.460431558E-01  0.00000000     02101
  0.456880407E-04  0.00000000      0.00000000    -0.597320579E-04 10201
  0.158442748E-03  0.00000000      0.00000000     0.113797904E-03 01201
   0.00000000     0.440336529E-01-0.311721320E-02  0.00000000     00301
 -0.255216737E-02  0.00000000      0.00000000     0.211114678E-02 20020
 -0.294144428E-02  0.00000000      0.00000000    -0.539933974     11020
   1.20593244      0.00000000      0.00000000      12.3945288     02020
   0.00000000     -3.70700772     0.274895382      0.00000000     10120
   0.00000000      162.425700     -12.4619448      0.00000000     01120
  0.980706059E-01  0.00000000      0.00000000    -0.323743660     00220
   0.00000000     0.176810471E-01-0.141497177E-02  0.00000000     20011
   0.00000000    -0.595885034     0.478872563E-01  0.00000000     11011
   0.00000000      4.23824455    -0.340959860      0.00000000     02011
 -0.905739289E-03  0.00000000      0.00000000     0.134622727E-02 10111
 -0.420744749E-02  0.00000000      0.00000000    -0.654795729E-01 01111
   0.00000000     -1.09798094     0.804547430E-01  0.00000000     00211
  0.118024487E-05  0.00000000      0.00000000     0.280632042E-02 20002
 -0.415008096E-04  0.00000000      0.00000000    -0.149160567     11002
  0.319712461E-03  0.00000000      0.00000000      1.97520761     02002
   0.00000000     0.757770577E-03-0.688494407E-04  0.00000000     10102
   0.00000000    -0.725492282E-02 0.708167926E-03  0.00000000     01102
 -0.304360477E-04  0.00000000      0.00000000     0.350497888E-04 00202
   0.00000000      14.9112277     -1.17384394      0.00000000     10030
   0.00000000     -543.012918      43.1579183      0.00000000     01030
 -0.709987082      0.00000000      0.00000000      1.96206053     00130
  0.551050301E-02  0.00000000      0.00000000    -0.188450991E-01 10021
  0.151156539E-01  0.00000000      0.00000000      1.02093478     01021
   0.00000000      9.63139682    -0.726390927      0.00000000     00121
   0.00000000    -0.579838531E-02 0.488256622E-03  0.00000000     10012
   0.00000000     0.624117458E-01-0.564766157E-02  0.00000000     01012
  0.635078366E-03  0.00000000      0.00000000    -0.147008753E-02 00112
 -0.773868816E-07  0.00000000      0.00000000    -0.224514398E-02 10003
 -0.255924450E-05  0.00000000      0.00000000     0.595048193E-01 01003
   0.00000000     0.247210703E-03-0.187598773E-04  0.00000000     00103
   2.07730228      0.00000000      0.00000000     -4.57136405     00040
   0.00000000     -29.5857620      2.28031753      0.00000000     00031
 -0.338734123E-02  0.00000000      0.00000000     0.216616818E-01 00022
   0.00000000    -0.185191144E-02 0.139939551E-03  0.00000000     00013
 -0.188534541E-06  0.00000000      0.00000000     0.639930536E-03 00004
 ------------------------------------------------------------------------------
