! SHMS reconstruction optics
! no quads
! order: 4
 ------------------------------------------------------------------------------
  0.772418890E-01 0.220903119E-01-0.125528150E-01-0.239644881     10000
 -0.398670799    -0.401027026     0.227883521      4.35050779     01000
   0.00000000     0.629474331     0.284279101E-01  0.00000000     00100
   0.00000000     -16.2645290     0.854099055      0.00000000     00010
 -0.754776061E-01-0.221693228E-01 0.125977129E-01 0.240502024     00001
 -0.777011272E-03-0.619187566E-03 0.380535007E-04 0.611680166E-01 20000
 -0.564659667E-02 0.169618185E-02 0.231698351E-02 -2.07303446     11000
  0.362672269E-01-0.114882590E-01-0.231606839E-02  18.9748676     02000
  0.293679816E-03-0.151572686     0.122492693E-01-0.561578529E-03 10100
 -0.151577814E-02  2.99135198    -0.224463008     0.289849153E-02 01100
  0.352622871E-03 0.113600718E-02-0.705625171E-04-0.943030764E-03 00200
 -0.202480402E-02 0.680803094    -0.798086392E-01 0.172347168E-01 10010
  0.104506796E-01 -13.5204603      1.12886385    -0.889540431E-01 01010
  0.178806131E-01 0.145532479E-01-0.348588462E-02-0.422685140E-01 00110
  0.147462539E-02-0.311674933E-02 0.926856454E-04-0.119467259     10001
 -0.176873916E-01 0.176385807E-01-0.140205193E-02  2.09766788     01001
 -0.404830710E-03 0.147819908    -0.123125821E-01 0.914407857E-03 00101
 -0.105970958    -0.697134380     0.208703518E-01 0.763177062     00020
 -0.141760889E-02-0.929756197     0.763448496E-01-0.630447379E-02 00011
 -0.697320199E-03 0.369798224E-02-0.131396860E-03 0.582881990E-01 00002
  0.605946112E-04-0.113427652E-03-0.367737388E-05-0.149550708E-01 30000
 -0.125616801E-02 0.272553351E-02 0.589172255E-03 0.766106400     21000
  0.931472766E-02-0.185468540E-01-0.607882198E-02 -13.4646865     12000
  0.991201665E-02 0.188048940    -0.682877403E-01  80.9838677     03000
 -0.131564821E-04-0.123703411E-01 0.114642459E-02 0.464849583E-03 20100
  0.262925154E-03 0.586215999    -0.455891504E-01-0.107339285E-01 11100
 -0.105817966E-02 -5.73564353     0.415594443     0.431167621E-01 02100
  0.162133750E-03-0.136604475E-04-0.241851340E-04 0.106274503E-03 10200
 -0.478446769E-02-0.450581665E-02 0.109372364E-02 0.371397707E-02 01200
  0.134070025E-05-0.150301586     0.116883637E-01-0.256370521E-05 00300
 -0.939119533E-04 0.102558778    -0.903410737E-02-0.920511714E-02 20010
  0.195001541E-02 -3.75236471     0.294967919     0.204757119     11010
 -0.720704823E-02  34.3173470     -2.49039770    -0.814629930     02010
  0.522044235E-02-0.161236281E-02-0.291342087E-02 0.120058863E-01 10110
 -0.525477063E-01 0.201671554     0.320856293E-01-0.344024054     01110
  0.587399275E-04  2.31906226    -0.183313365    -0.513194736E-04 00210
  0.309525865E-03-0.583235761E-03 0.158417776E-04 0.435238096E-01 20001
 -0.516328320E-02 0.176591014E-01-0.127362841E-02 -1.52067535     11001
  0.358698963E-01-0.754676672E-01 0.646559573E-02  13.6790682     02001
 -0.545503991E-04 0.267428528E-01-0.250052131E-02-0.849193538E-03 10101
  0.111076627E-02-0.543862623     0.453532256E-01 0.945658408E-02 01101
 -0.122374012E-03 0.212139474E-03 0.111538561E-05-0.205232030E-03 00201
 -0.362886342E-01 0.212155912E-01 0.559946932E-02-0.178898235     10020
  0.438293498     -1.13892109     0.188868427E-01  3.79674114     01020
 -0.871628978E-03 -12.6421013      1.01165602     0.476008968E-02 00120
 -0.392290944E-03-0.176987685     0.162038114E-01 0.144112585E-01 10011
  0.986295474E-02  3.18757872    -0.264129271    -0.144769369     01011
 -0.325266330E-02 0.581343415E-02 0.222747083E-02-0.168306155E-01 00111
  0.183405078E-02 0.144980034E-02 0.435362301E-04-0.409457727E-01 10002
 -0.715859233E-02-0.194317242E-01 0.330149632E-03 0.747714690     01002
  0.682535417E-04-0.145152147E-01 0.135463005E-02 0.378786391E-03 00102
  0.277790231E-02  24.1269152     -1.95034342    -0.236449351E-01 00030
  0.241056061E-01-0.702959919E-01 0.201872979E-03 0.219970120     00021
  0.508322921E-03 0.706566548E-01-0.716867746E-02-0.539482442E-02 00012
  0.426293705E-02-0.104440696E-02 0.109706332E-03 0.155347850E-01 00003
  0.738164892E-05 0.577111481E-05 0.546784669E-07 0.364339192E-02 40000
 -0.294789337E-03-0.764746829E-04-0.716402548E-05-0.250429477     31000
  0.333659597E-02 0.745115940E-04-0.271621064E-04  6.55121610     22000
 -0.117403453E-01 0.263478178E-02-0.793750832E-04 -77.1952559     13000
  0.759157135E-02 0.315173760E-02-0.456649121E-02  345.460818     04000
 -0.625593581E-06 0.478753742E-03-0.298471090E-04-0.177480779E-03 30100
  0.674263351E-04-0.187538482E-01 0.157776727E-02 0.699044536E-02 21100
 -0.115225644E-02 0.266090201    -0.272307875E-01-0.850637532E-01 12100
  0.433044657E-02 -2.40464133     0.203659444     0.278045696     03100
 -0.848005291E-05 0.108414397E-04-0.167050070E-04 0.120944178E-03 20200
 -0.132195402E-02-0.320709654E-04 0.880761934E-03-0.154955804E-02 11200
  0.239659404E-01-0.337122281E-02-0.947835506E-02-0.868410342E-03 02200
 -0.458085835E-05-0.695035329E-01 0.527470263E-02 0.167252219E-03 10300
  0.945159859E-05  1.22007214    -0.940696571E-01-0.862092816E-03 01300
  0.127593744E-03 0.280426736E-03-0.334916514E-04-0.307282645E-03 00400
  0.156023362E-04 0.309184152E-02-0.352831863E-03 0.328795213E-02 30010
 -0.472799614E-03-0.841131462E-01 0.772514184E-02-0.129785642     21010
  0.605921470E-02 0.150086823     0.132085506E-01  1.57674204     12010
 -0.217944402E-01  7.98592898    -0.703701392     -5.14524979     03010
  0.579942337E-03 0.862221028E-03-0.413663482E-03-0.321562605E-02 20110
  0.389025488E-02-0.153652184E-01 0.114348343E-01 0.106225114     11110
 -0.211081748    -0.603553540E-01-0.717579754E-01 -1.17200869     02110
  0.833010527E-04  1.14860800    -0.886457056E-01-0.247009137E-02 10210
 -0.379511194E-03 -19.2072319      1.49900170     0.111721714E-01 01210
 -0.254237729E-02-0.190363698E-01 0.354142924E-03 0.117335720E-01 00310
  0.134775893E-03 0.962687920E-05 0.204111616E-05-0.140228741E-01 30001
 -0.415162211E-02 0.275548369E-04-0.537636414E-04 0.736778281     21001
  0.325283265E-01-0.173006782E-02 0.339353534E-03 -13.0883151     12001
 -0.687261634E-01 0.296746939E-02 0.122800638E-04  78.5402234     03001
 -0.167602009E-04-0.774795649E-03 0.428765166E-04 0.504315689E-03 20101
  0.538192842E-03 0.259829510E-01-0.207117456E-02-0.136590439E-01 11101
 -0.490103616E-02-0.335467174     0.261709446E-01 0.850403124E-01 02101
  0.367775346E-04 0.144277088E-03 0.157318389E-04-0.225615776E-03 10201
  0.719090048E-03-0.306836666E-02-0.525389103E-03 0.191401235E-02 01201
 -0.425389783E-04 0.692391513E-01-0.538551096E-02-0.183851829E-04 00301
 -0.413798969E-02-0.681849255E-02 0.411867335E-02 0.400572617E-01 20020
  0.418129361E-01 0.988973073E-01-0.107230039     -1.50581639     11020
  0.368417681     0.620766602     0.656484525      14.8385639     02020
 -0.972665283E-03 -6.63072614     0.518136901     0.110540996E-01 10120
  0.654408516E-02  105.440863     -8.31891294    -0.302035451E-01 01120
  0.198286925E-01 0.253817021    -0.165316561E-03-0.121005594     00220
  0.214809655E-03-0.827879076E-02 0.919993030E-03-0.883185599E-02 20011
 -0.341835091E-02 0.863184996E-01-0.954599055E-02 0.232142926     11011
  0.205085910E-01 0.894011257    -0.593555644E-01 -1.36447058     02011
 -0.526307340E-03-0.190209490E-02 0.745738522E-03 0.795591734E-02 10111
 -0.123265873E-01 0.457764902E-02-0.907058414E-02-0.142969547     01111
  0.633112655E-03 -1.07511028     0.844388713E-01 0.136895908E-03 00211
  0.786879855E-03-0.111594762E-03 0.189396974E-04 0.201969440E-01 20002
 -0.206623932E-01 0.133546081E-02-0.565356161E-03-0.722269299     11002
  0.852147417E-01-0.377270381E-02 0.257703177E-02  6.53589311     02002
  0.286888838E-04 0.740713013E-03-0.592683209E-04-0.491565632E-03 10102
 -0.560272204E-03-0.911803911E-02 0.846444125E-03 0.675465906E-02 01102
 -0.163784166E-04-0.161646337E-03 0.174376685E-05 0.111912935E-03 00202
  0.360943676E-02  13.3350776     -1.05028436    -0.727753102E-02 10030
 -0.260628318E-01 -201.408140      16.0323683    -0.611688170E-01 01030
 -0.944391708E-01 -1.31811422    -0.921013201E-02 0.531199100     00130
  0.426194491E-02-0.157863430E-02-0.610734157E-02-0.887362195E-01 10021
  0.109721123E-01 0.129660351     0.725091645E-01  1.74401353     01021
 -0.351549920E-02  5.79680438    -0.457817278     0.242945733E-02 00121
  0.159709917E-03 0.391827085E-03-0.314097886E-03 0.847795087E-02 10012
  0.719944897E-03 0.499999296E-01-0.341459843E-03-0.105769995     01012
  0.540276720E-03 0.735366904E-03-0.296019841E-03-0.434351663E-02 00112
  0.109467356E-02-0.683171417E-04 0.197478361E-04-0.129768535E-01 10003
 -0.319889072E-01 0.180594648E-02-0.763006507E-03 0.235779472     01003
  0.821016177E-05 0.149900127E-02-0.116703035E-03 0.152365703E-03 00103
  0.221908558      2.46143786     0.278591137E-01 -1.03615097     00040
  0.718772086E-02 -10.8274238     0.856181182    -0.146903831E-01 00031
 -0.405173610E-02 0.784759058E-02 0.198476554E-02 0.474563086E-01 00022
 -0.153340382E-03-0.747233584E-02 0.798096087E-03-0.208305031E-02 00013
 -0.203370179E-02 0.257571162E-04-0.436052526E-04 0.311604321E-02 00004
 ------------------------------------------------------------------------------
