 -0.359574659E-14 0.735173778E-15-0.423660595E-15-0.808807371E-14 00000
  0.253028172    -0.517332555E-01 0.298124640E-01 0.569147590     10000
  -1.30116263    -0.169852128E-01 0.978811480E-02 0.186864190     01000
 -0.118246039E-15-0.748288195     0.296503259    -0.187110110E-15 00100
  0.596649554E-15  1.45520233     -1.91299588     0.708513825E-15 00010
 -0.371484317     0.111761277    -0.677643787E-01-0.937634987     20000
   1.69903253    -0.498280830     0.321596015      6.02434913     11000
   1.04244979    -0.399205308     0.141456551      3.57900530     02000
  0.832082528E-02  3.12192570    -0.603575878     0.131667035E-01 10100
 -0.427887014E-01 0.826813209    -0.107760321    -0.677079646E-01 01100
  0.116741031E-02 0.112116591E-03-0.215687996E-02 0.278026260E-02 00200
 -0.419854798E-01 -32.7166128      6.15375202    -0.498572281E-01 10010
  0.215904564     -10.2341567      2.16405305     0.256383949     01010
  0.584937388E-01-0.702600478E-01 0.373013031E-01 0.144906828     00110
 -0.345536381     0.384346617    -0.113828511    -0.343314808     00020
   1.47050643    -0.408846095     0.247380506      3.35801118     30000
  -12.2803431      3.56553027     -2.16931703     -33.9941736     21000
   25.7821458     -8.11613747      4.92436459      97.9221346     12000
  -7.33888330      3.05062870     -1.59963866     -30.7157500     03000
 -0.547193404E-01 -11.3209122      2.19818849    -0.995794496E-01 20100
  0.309841613      63.1893816     -11.8700114     0.636411552     11100
 -0.147772474     -60.2723071      10.7765816    -0.641680249     02100
  0.470362461    -0.485194753E-01 0.784133309E-01  1.51245343     10200
  -2.44140967     0.346469164    -0.335203680     -7.82441544     01200
  0.383902598E-04 -2.26699022     0.421673597     0.607479607E-04 00300
  0.372396557      118.059095     -22.8591907     0.672767912     20010
  -1.95458384     -649.413668      122.069805     -3.82200402     11010
  0.210865053      636.703009     -118.577097      1.87219751     02010
  -9.95550202      1.64339211     -1.67440054     -31.6034241     10110
   50.6315912     -9.42007057      7.38530211      161.497881     01110
  0.172985441E-02  72.1062415     -13.5937466     0.281378104E-02 00210
   52.2738600     -11.8473167      8.87823182      164.561732     10020
  -265.158239      61.2516894     -40.8273335     -837.977160     01020
 -0.210689407E-01 -762.766975      144.743019    -0.295062431E-01 00120
  0.573355553E-01  2679.17534     -510.550209     0.680852492E-01 00030
  -6.66813383      1.76044927     -1.07050224     -14.1804101     40000
   76.3074282     -20.8297485      12.7091014      182.006936     31000
  -280.915036      80.1849265     -49.0545046     -788.071969     22000
   346.432205     -104.665933      64.0463872      1228.78423     13000
  -70.3027984      20.2304582     -12.3510624     -227.927864     04000
  0.362909272      40.2004106     -7.91413117     0.667003739     30100
  -3.16418252     -337.040735      65.3988454     -6.42346376     21100
   7.63538841      678.987618     -129.150992      18.0555549     12100
  -4.89328745     -73.8867027      14.4393845     -13.6161533     03100
  -2.70393541    -0.156225382    -0.344677856     -6.38444871     20200
   18.6350870     0.497673214      2.29236467      49.5511130     11200
  -24.1722584     0.681740466     -3.50634627     -85.8690977     02200
  0.414081032E-01  12.0282416     -2.34860394     0.794620764E-01 10300
 -0.214524918     -43.8975971      8.45005478    -0.411080239     01300
  0.260469997E-02-0.178118808E-01-0.632477302E-02 0.804800983E-02 00400
  -2.64244468     -422.096544      82.7861273     -4.82157191     30010
   22.1709365      3491.04168     -674.065998      44.4587493     21010
  -50.4773769     -6882.27534      1298.72840     -115.740751     12010
   32.2750219      463.710473     -85.6070440      74.6175026     03010
   56.0587610    -0.749763501      7.61693898      132.312053     20110
  -380.145843      18.0124455     -50.8532058     -1010.76303     11110
   477.889417     -54.9548259      76.7568471      1707.27329     02110
  -1.18306203     -381.570397      74.2865149     -2.22847389     10210
   6.03365444      1344.73808     -257.312511      11.3830216     01210
  0.548621712E-01 0.579582566     0.265642430     0.189968180     00310
  -287.202070      24.2853783     -41.4504368     -677.931452     20020
   1928.05679     -239.491530      279.468279      5122.85252     11020
  -2355.64444      493.431805     -417.550992     -8466.91585     02020
   10.9293265      3993.99793     -774.519126      20.1612773     10120
  -55.3866853     -13698.1483      2605.67947     -102.377447     01120
  -2.62401254     -6.44761622     -4.04645796     -8.49401478     00220
  -32.6475454     -13826.9734      2669.31682     -58.5723400     10030
   165.199058      46398.9392     -8771.51669      296.821727     01030
   25.1849782      26.6666865      26.4872301      80.3372646     00130
  -70.1317992     -24.1492988     -62.4310301     -222.364196     00040
   33.2444628     -8.52764651      5.20198751      68.5863518     50000
  -482.684780      127.276562     -77.8045249     -1083.10094     41000
   2530.82351     -691.188353      423.249485      6331.77008     32000
  -5694.64644      1628.26072     -997.976948     -16498.6809     23000
   4945.52425     -1502.58647      920.689661      17548.5589     14000
  -982.688194      317.174695     -194.930352     -3915.67714     05000
  -2.31904450     -176.714963      34.8157693     -4.28281301     40100
   26.8690442      2059.59895     -401.653077      53.6742168     31100
  -102.830594     -7710.95463      1482.01673     -228.999252     22100
   143.341223      9623.16678     -1805.51517      373.944832     13100
  -50.7450840     -2041.12214      355.648549     -172.284710     04100
   16.7335739      2.33751061      1.68806204      36.5860137     30200
  -162.706421     -17.2887798     -16.9693929     -392.017404     21200
   457.917404      24.9027551      52.2253230      1286.56767     12200
  -327.749699      11.0794990     -44.5595279     -1223.55353     03200
 -0.498222690     -73.1462032      14.3856646    -0.949697904     20300
   3.60530661      506.382945     -98.1249348      7.21652645     11300
  -5.33961092     -714.549658      135.109411     -11.9651432     02300
  0.959140517     0.396983319     0.112033871      2.70039516     10400
  -5.00776143     -1.64237801    -0.389704015     -14.0571654     01400
  0.206242216E-03 -1.06500129     0.191197616     0.390939989E-03 00500
   17.2512994      1864.45800     -366.288220      31.6744267     40010
  -193.556398     -21548.9465      4188.85934     -384.355107     31010
   705.747535      80003.6943     -15319.8437      1563.03415     22010
  -905.111093     -99406.3754      18582.5351     -2350.98590     13010
   255.103991      22188.8374     -3916.74731      882.128947     04010
  -346.009704     -25.0654126     -38.4431738     -758.417598     30110
   3334.22790      128.291568      383.991912      8052.79162     21110
  -9281.97320      131.356467     -1168.85596     -26147.7486     12110
   6550.13758     -657.134443      973.199090      24545.8378     03110
   14.1521236      2311.32272     -453.731733      26.8788865     20210
  -100.432104     -15759.4344      3047.56600     -200.653422     11210
   143.121779      21864.1335     -4123.27365      322.288944     02210
  -42.2685478     -13.7351853     -5.15889588     -118.746179     10310
   216.664204      53.9956633      18.5848240      610.014067     01310
  0.386493719E-02  65.6759651     -12.3302241     0.774753981E-02 00410
   1768.35583      9.74659260      214.358673      3887.69338     30020
  -16963.0193      520.131242     -2140.34626     -41071.0500     21020
   46929.4063     -4004.53432      6484.01991      132551.987     12020
  -32844.1851      5566.27986     -5308.53373     -123605.585     03020
  -131.120240     -24154.5717      4731.04377     -248.076372     20120
   913.868966      162834.938     -31418.4585      1820.20276     11120
  -1247.82215     -222963.095      41944.6106     -2821.46564     02120
   683.769930      168.638612      86.9370551      1919.97954     10220
  -3463.11020     -614.951182     -323.247672     -9777.07794     01220
 -0.274640539     -1537.26899      292.599763    -0.523008308     00320
   396.589731      83635.1064     -16341.4779      746.870829     20030
  -2711.80396     -559250.509      107660.715     -5376.43463     11030
   3512.34188      758562.760     -142387.705      7972.17735     02030
  -4834.35278     -846.563595     -638.991829     -13590.5821     10130
   24322.1232      2685.00205      2447.95013      68863.9005     01130
   3.92271426      17301.0653     -3302.59482      7.31737013     00230
   12651.4648      1364.28682      1735.68079      35668.7750     10040
  -63532.5246     -2908.00474     -6850.03064     -180463.342     01040
  -22.0736450     -94516.6458      18017.1069     -40.3818537     00140
   43.7960965      201922.890     -38363.8473      78.6215066     00050
  0.263669810    -0.716111160E-01 0.412675328E-01 0.787835478     00001
  -1.13936511     0.245967317    -0.156365583     -2.02153566     10001
   2.42793682    -0.672071941     0.462346235      8.78070905     01001
  0.127180631E-01  4.31615296    -0.833069778     0.259079505E-01 00101
 -0.699106480E-01 -45.5792826      8.64075797    -0.130727145     00011
 -0.865345825     0.130570911    -0.868031558E-01 -1.00167041     00002
   5.93533835     -1.34121301     0.835499699      10.9545254     20001
  -32.4557655      7.94006378     -4.96008222     -73.4789215     11001
   33.4268887     -9.87544570      6.01662631      120.231411     02001
 -0.171141007     -25.6318044      5.03053542    -0.303493854     10101
  0.467620984      76.8924845     -14.6507633     0.899172628     01101
  0.602708916     0.351390515E-01 0.656702284E-01  1.43094879     00201
   1.16808766      269.460990     -52.7185447      2.13296067     10011
  -2.96926930     -793.079381      150.554977     -5.71149317     01011
  -12.9846491     0.284234878     -1.47494879     -30.4857483     00111
   8.06793453     -1.49678339     0.969167636      12.5234635     10002
  -22.5155847      4.54413469     -2.93327007     -40.8592439     01002
 -0.133539753     -15.3139370      3.02073418    -0.221496616     00102
   69.1299884     -6.83922556      8.16564797      161.784364     00021
  0.915916704      162.605810     -32.0741372      1.60448444     00012
   3.67843793    -0.566515148     0.385332197      5.03328974     00003
  -34.3938768      7.88746827     -4.89647116     -64.0594290     30001
   293.768895     -70.4877151      43.8373020      614.736306     21001
  -718.717507      185.666921     -115.223822     -1795.06285     12001
   441.696662     -130.956744      80.3966602      1543.52304     03001
   1.57670832      139.577869     -27.5151009      2.76714010     20101
  -8.87623165     -806.524025      156.802006     -17.2405248     11101
   10.4332456      875.894915     -166.266738      23.8453877     02101
  -7.22559886     -1.10251467    -0.644048460     -14.0242912     10201
   25.2959975      2.38491297      2.29683705      53.5898810     01201
  0.619782260E-01  12.9761264     -2.53989323     0.128488571     00301
  -11.5166585     -1471.73898      289.327503     -20.3640391     20011
   61.9850703      8388.60507     -1624.95175      121.472891     11011
  -68.1774924     -8932.55069      1683.64343     -157.796581     02011
   150.591216      11.6539650      14.9499977      292.666651     10111
  -520.028324     -10.3920234     -53.0431307     -1106.15631     01111
  -1.79038064     -418.595479      81.7588865     -3.66600714     00211
  -67.1423678      13.4997724     -8.58870427     -111.635062     20002
   382.487846     -80.9535334      51.4875244      711.960379     11002
  -465.720810      108.123130     -68.3731368     -1029.39578     02002
   2.29198367      166.263895     -32.7665341      3.78011500     10102
  -6.32195043     -492.705573      96.0270378     -11.6268925     01102
  -4.69167262     -1.12739191    -0.279806763     -7.85407782     00202
  -776.041423     -2.04173399     -84.8215196     -1510.76416     10021
   2660.67974     -149.686599      301.932656      5674.15576     01021
   16.7174665      4448.16545     -865.735154      33.9060896     00121
  -16.8204492     -1761.18589      346.550508     -28.2211100     10012
   44.1163089      5142.77721     -999.745053      83.0043508     01012
   98.4676242      15.6578546      7.01616498      164.699070     00112
  -58.9970903      10.4672935     -6.85041320     -88.8979465     10003
   169.170760     -31.6392340      20.6532913      284.111917     01003
   1.11405428      68.1160719     -13.3912255      1.71623835     00103
  -50.5286838     -15621.2712      3027.36952     -101.412434     00031
  -510.974222     -40.2857135     -42.1972245     -854.303281     00022
  -8.22851164     -725.444861      142.615009     -12.9809005     00013
  -19.7137882      3.09994521     -2.09415933     -27.2162579     00004
   209.664273     -48.3875277      29.9941057      392.562782     40001
  -2428.76618      578.852125     -359.285660     -4944.98253     31001
   9535.35490     -2376.32715      1474.92366      21694.5590     22001
  -14313.0811      3803.12046     -2355.11868     -38062.4314     13001
   6268.02307     -1828.99799      1126.01488      21331.4728     04001
  -12.9273552     -819.267565      161.396858     -22.7566213     30101
   110.807600      7223.42669     -1410.15122      210.923911     21101
  -279.425971     -18393.3647      3543.48168     -592.761537     12101
   192.763230      11971.1736     -2252.93679      480.905885     03101
   64.6538235      13.5510058      4.79113569      123.935518     20201
  -419.212935     -68.7345601     -33.9333019     -877.501565     11201
   595.318559      59.2677152      55.9292745      1438.84916     02201
  -1.45015552     -165.343231      32.5907005     -2.70075144     10301
   5.13358249      592.346413     -115.293817      9.87404491     01301
   1.12982463     0.762846716     0.628156138E-01  2.83752432     00401
   96.6479443      8665.29622     -1703.41401      170.385131     30011
  -801.574984     -75747.7255      14750.1579     -1530.00057     21011
   1928.41465      191074.788     -36695.8781      4110.50277     12011
  -1232.99206     -123424.534      23133.6439     -3104.75129     03011
  -1340.08453     -186.616007     -114.395646     -2576.72959     20111
   8614.17681      811.172273      796.688316      18097.8293     11111
  -12087.6351     -370.080323     -1283.31918     -29381.3771     02111
   41.4255420      5258.21437     -1034.69591      77.0519441     10211
  -143.614735     -18557.2484      3605.56448     -276.455704     01211
  -50.2404330     -28.2704492     -3.31076684     -125.305254     00311
   534.129466     -111.632632      70.4449118      917.872105     30002
  -4638.05638      1003.94389     -633.710983     -8656.27406     21002
   12136.7009     -2765.48879      1742.19157      25312.9893     12002
  -9114.74347      2245.46072     -1406.14620     -22233.0167     03002
  -27.0780063     -1458.78214      287.031010     -45.1838460     20102
   153.331271      8639.94234     -1686.59581      277.142937     11102
  -191.430085     -11169.6262      2154.68851     -386.412023     02102
   83.3877709      22.5880895      4.34719687      143.467262     10202
  -273.083642     -58.5925274     -16.7083279     -507.428870     01202
  -1.04041594     -94.6164346      18.6447627     -1.85267696     00302
   6867.19501      476.701880      662.325023      13249.3843     20021
  -43958.5229     -1020.21927     -4575.54996     -92654.9861     11021
   61227.7398     -2497.43539      7264.73819      149532.072     02021
  -386.186547     -55279.4250      10854.6960     -718.073672     10121
   1312.74199      192905.381     -37404.1461      2528.74688     01121
   817.802959      381.332163      61.5356765      2035.12575     00221
   203.411761      15469.7357     -3039.83243      341.713128     20012
  -1113.62928     -90818.3607      17698.4529     -2032.01769     11012
   1326.51150      116209.615     -22366.1080      2711.75173     02012
  -1733.74927     -342.330392     -111.352083     -2990.75714     10112
   5632.25016      802.968191      412.640083      10502.7244     01112
   29.9213530      3030.00798     -596.239979      53.2821307     00212
   688.273416     -130.885786      84.2307557      1095.14344     20003
  -3990.39423      787.176140     -506.173285     -6883.10995     11003
   5226.97534     -1090.92817      698.585022      10075.9861     02003
  -25.2955023     -1182.15403      232.106497     -39.9274724     10103
   71.3179259      3530.86542     -688.614375      122.138074     01103
   35.8609993      11.7742278      1.19684941      56.4630246     00203
   1176.09818      192496.751     -37712.0849      2187.29471     10031
  -3913.97708     -666232.178      128913.106     -7544.31955     01031
  -5805.78254     -2206.43200     -487.753612     -14470.4887     00131
   8913.96975      1111.44034      678.363599      15423.0428     10022
  -28858.9786     -2008.27754     -2463.41415     -53972.2610     01022
  -280.894722     -32058.4406      6296.74456     -501.085033     00122
   190.921336      12571.4918     -2467.38871      304.530916     10013
  -519.973846     -37209.6754      7251.31717     -903.868049     01013
  -748.333248     -188.170318     -34.5977486     -1180.29580     00113
   449.273022     -77.9733391      51.2598988      666.386457     10004
  -1307.77065      235.467986     -154.528082     -2096.89460     01004
  -8.90166604     -367.307276      71.9098512     -13.2915099     00104
   15231.6511      4569.13240      1407.77007      38146.6402     00041
   861.869864      112316.892     -22016.0398      1542.35569     00032
   3861.90336      677.473195      227.243010      6104.99441     00023
   67.5165868      3918.33355     -767.621174      102.129700     00014
   119.007006     -18.8791266      12.6980466      165.405078     00005
 ------------------------------------------------------------------------------
